A_16x16

208.978690 187.481482 8.894062 202.617041 127.212556 40.090127 160.731747 12.250827 150.305225 199.120669 198.630733 53.215551 7.938717 180.222464 34.047701 7.282629 
201.559741 78.664842 81.552251 74.090273 108.663091 8.426044 137.112222 132.506509 45.938179 181.299173 195.495747 180.922762 180.447014 32.295988 210.298289 174.677339 
5.029105 4.443986 162.546016 132.241661 44.534113 108.529398 144.492488 194.839338 92.901702 128.374856 33.306524 100.840419 93.848955 67.354225 108.123048 80.660331 
146.019067 189.675298 154.750605 39.933794 198.101342 77.114461 172.440302 29.291157 43.665269 153.187685 210.213919 9.363919 185.483673 205.763843 184.041258 190.512778 
210.207829 131.838909 108.006075 39.993577 25.619942 37.750198 20.084551 118.521644 166.125054 53.391075 4.613699 45.225644 120.745300 112.736746 125.885976 52.016002 
87.663680 65.888216 91.949796 71.016658 143.002677 49.641734 100.307815 186.667946 202.829419 95.773369 196.031865 173.564727 86.788847 165.324758 149.329141 82.248311 
82.415302 42.586850 122.241888 108.035244 80.337048 142.326439 11.808523 31.713737 195.717514 16.422222 76.939382 101.714449 129.158969 202.825358 153.730451 2.074284 
53.965209 30.931883 73.090942 196.967886 80.573616 173.398757 168.887467 68.654670 54.423761 150.170967 27.471032 141.212608 100.747360 176.800173 8.712554 183.162662 
4.638658 130.954442 76.449541 84.975707 58.532517 88.258064 116.689444 39.501666 104.680286 193.628826 141.216115 19.090891 181.705819 80.198201 21.165175 20.922663 
111.130084 94.256117 3.142183 191.703700 52.906509 172.029651 45.610005 107.330269 107.452253 73.081037 33.794512 208.199613 35.132845 42.507066 176.613911 39.771504 
173.461508 38.315087 124.747210 17.245660 126.573151 26.688289 56.747326 16.505073 5.568750 197.963441 35.595963 187.274569 63.413277 56.761138 208.197232 174.543362 
151.017255 211.339415 151.498697 203.923764 168.620701 197.108702 96.505668 61.324590 55.441375 130.300180 54.775838 90.574220 172.807246 16.641384 130.345724 131.520390 
54.956471 40.344569 148.766050 181.529622 67.032859 205.513376 198.034695 72.601609 188.728452 18.882294 45.127813 37.393364 75.643432 38.576680 211.936726 11.912322 
35.167731 148.687058 1.087721 203.788432 131.047396 97.593389 50.364656 186.488771 13.145204 105.140495 62.314627 185.952450 121.781879 192.660351 102.724475 176.738350 
18.256555 36.742160 143.519607 85.289414 27.507171 126.805938 157.891022 1.487258 145.688231 203.018836 38.880623 6.583298 26.847151 36.068984 18.495621 62.014882 
184.756042 19.583341 51.054949 101.055073 117.176730 101.419605 72.795479 130.321934 206.560100 135.110106 101.526019 113.593614 113.022092 204.250494 75.583599 131.278647 


 
B_16x16

26.244289 4.354842 1.819696 53.751460 131.160779 159.710719 55.238718 62.100646 147.981190 94.119341 68.683944 174.828341 130.188325 87.179565 22.094858 100.196002 
106.762906 73.149806 201.251076 9.191271 174.569412 59.298190 139.513205 166.381147 194.408297 26.290859 65.226396 92.682024 15.792989 140.809995 9.212306 42.037278 
145.164837 11.032002 95.788739 61.577251 170.742721 151.027457 123.677897 103.975546 30.398433 192.361842 64.055522 160.586758 64.793042 86.150379 46.034396 171.555948 
159.300186 32.537107 180.747219 119.121233 91.835297 105.512060 70.754015 71.495229 131.802919 135.980411 164.177253 147.595908 62.042041 173.389559 189.633186 207.206878 
184.421561 70.673560 54.035765 140.415917 6.952653 177.713662 29.643098 37.351086 155.327139 93.698620 197.937844 5.371816 179.848999 29.223875 176.927764 124.400820 
61.760982 142.926619 28.773688 153.596279 33.690314 99.527703 10.343143 165.493233 20.759749 174.520396 98.340776 82.801791 133.161590 73.225598 75.260304 102.834786 
143.899158 129.296068 28.502339 150.851811 92.261366 58.145437 188.202897 32.840140 151.844057 171.392376 38.211956 116.944691 200.616252 0.391356 26.597147 47.628869 
143.317974 55.370835 201.225149 177.008288 154.898539 211.568292 127.753156 175.658288 171.340323 11.345568 43.711714 89.753548 84.571166 118.972018 192.588334 13.721959 
33.519722 6.342308 164.573770 125.781088 64.487745 138.028302 158.621228 1.583437 94.672313 196.833184 118.528128 80.540200 197.224539 145.125275 128.169070 125.794149 
200.496111 114.645854 88.054072 140.646285 111.465781 1.058863 101.556209 68.057739 12.404431 145.267923 157.811288 96.975597 49.491576 135.651257 110.697556 83.011298 
141.993566 60.522961 208.792386 206.481311 198.551262 152.665249 208.064748 78.475211 134.750068 111.844512 159.015411 117.226242 42.221422 72.436117 28.272026 27.969168 
187.081971 116.326098 168.615453 83.799387 117.384962 55.423297 151.857126 129.789393 200.691220 94.920050 12.016625 35.434432 15.822942 122.714180 118.445730 157.816508 
183.237141 112.489751 149.549454 167.040038 50.406635 142.865837 30.766884 185.156702 39.961984 189.782296 87.634580 82.183406 47.470048 115.906606 110.152575 19.803653 
17.484339 64.019663 103.603040 134.869300 119.442960 40.711802 49.910328 105.385816 135.631852 61.926953 140.820248 151.454794 184.641133 44.517613 94.522937 153.129909 
157.007364 29.324026 105.421583 207.413999 172.189863 136.188467 177.822337 212.151847 111.222398 50.708551 79.586889 158.692446 166.615157 189.739463 178.496099 184.099496 
39.010762 67.350775 104.220432 158.453722 108.062577 154.130760 49.091173 28.946064 1.309348 189.911421 180.400857 185.950481 19.680669 60.175429 124.332026 176.688033 



C_16x16

203246.917335 113409.257532 207581.938315 214307.893909 205375.603036 174211.771889 198260.639935 142579.584686 224148.474481 202018.888892 207779.023836 200435.615996 193010.204367 174273.569621 155453.812322 184801.291920 
269568.592138 138143.464850 239642.750038 278694.603273 246377.576158 242209.523616 230461.941287 210334.548808 222401.797428 237956.872754 205658.521579 231954.500232 178897.354165 208520.611107 207106.612525 208525.423238 
199845.213791 107098.016007 180598.707017 210317.213005 167671.109572 174848.055388 164337.893691 160335.747510 148604.267172 192943.760376 144928.380788 168003.239486 151559.575244 155411.366408 175162.415420 167752.600874 
260908.097995 150374.372151 238670.760611 293059.057772 255707.899376 249362.396604 225057.687071 219335.137422 224303.354667 264540.407412 250671.272158 258483.236996 223906.308968 195218.515308 196775.802977 226907.508103 
139854.266290 70127.485641 160441.995887 160204.226834 164100.358150 169674.367955 140145.434362 150340.965588 153685.459024 154663.600860 126506.494398 165814.648748 147478.051508 154016.018800 134732.807448 147689.023197 
236376.660000 123619.811048 251071.475324 270121.041049 227831.788689 234755.781911 228466.862113 192988.409416 232641.324961 220837.531414 203069.876908 205960.819806 207967.232747 195845.229926 212665.353150 207674.397343 
162752.919668 89414.862581 178734.253853 198235.922474 159492.401097 173768.561006 149086.565063 163781.839553 160376.089806 186263.041019 157477.609935 166469.721967 177983.939652 160971.800957 161897.563988 185504.738110 
198734.063195 136722.808197 182015.664211 223701.379487 165432.933792 168896.581831 148518.524589 154718.242494 163976.614939 228571.346881 188875.652964 191482.746492 165782.773116 152605.990852 180452.507143 202301.808160 
182226.406629 108467.955198 172898.224253 182684.797707 147847.977863 135949.143261 146583.210620 137759.029435 130772.414554 182312.249225 152484.664830 141348.808699 125792.243195 137018.359554 123731.831929 118826.553591 
184766.857847 103673.159017 183531.071555 192354.538463 163950.600918 164462.915857 158559.318357 171836.376299 181518.395299 164742.199723 141720.172184 158287.899685 147959.679137 178773.750166 175848.413459 183408.325625 
197098.951182 101804.705796 148500.170922 193440.585238 178058.114508 165996.011093 155600.206018 152784.238456 149823.198224 180971.890135 157222.812915 177221.595261 138415.259443 154998.932549 159319.606764 192185.635896 
257208.145483 142712.044341 226373.732526 246231.136158 214473.622952 233779.092492 186986.745808 217952.765460 206617.358230 254055.257044 214990.190990 223028.412343 183297.602638 212249.251300 204006.902493 225766.401247 
192010.997140 102912.825011 172412.916059 220343.266994 167055.589663 190141.316597 180012.320883 167700.834242 165142.510379 214688.752338 154010.562685 182636.017184 200897.969341 169709.214064 172708.646437 191238.878459 
227452.911299 136209.440679 238985.334026 242126.532491 199907.552907 199703.534624 169709.231377 203026.461623 213903.806090 191496.152817 199409.796645 195097.494720 157397.796371 188934.997814 217674.051268 207006.793594 
137874.125245 85057.095699 113771.598734 146207.469966 116472.145878 106779.298644 123727.789262 88170.976551 87558.129299 176861.312090 126519.609034 129827.103690 123944.939363 108511.483583 102822.385323 127393.754629 
198425.152444 118499.887879 210938.415283 249744.487459 195950.952671 217204.209190 179690.773896 168228.856448 198215.365746 229385.506407 207153.853124 208761.302266 205909.497575 181201.138046 200501.116751 207886.558447 

